1  7077        8 272999999999999999999999999999999999999999999999999999999999999
2  7077        8 27299999 -755 -802 -687 -688 -551 -221   41  301  557  684  633
1  7077        9 272  534  363  203  163   46  -90  -66  -30  -25  -20 -119 -326
2  7077        9 272 -553 -716 -771 -739 -503 -343 -354 -124  135  375  672  813
1  7077       10 272  713  586  379  187  109    4  -81 -178 -234 -278 -350 -519
2  7077       10 272 -693 -767 -738 -863 -961 -882 -705 -422  -39  290  620  845
1  7077       11 272  882  839  518  199   12 -109 -281 -590 -572 -485 -449 -437
2  7077       11 272 -626 -802 -851 -885-1140-1202-1059 -800 -355   88  471  856
1  7077       12 272 1044  887  471   40 -208 -228 -345 -578 -609 -523 -343 -176
2  7077       12 272 -220 -553 -814 -955-1162-1447-1545-1210 -640 -162  354 1092
1  7077       13 272 1454 1338 1020  413 -114 -316 -462 -725 -803 -608 -443 -429
2  7077       13 272 -378 -401 -535 -721 -866-1214-1455-1363-1080 -514   97  579
1  7077       14 272 1122 1542 1248  795  232 -216 -458 -773 -699 -328  -61  -82
2  7077       14 272  -45   41   71 -112 -525 -893-1315-1494-1378 -845 -263  282
1  7077       15 272  820 1282 1525 1294  658  -89 -530 -574 -550 -411 -143  131
2  7077       15 272  452  215   41  -73 -347 -879-1108-1322-1434-1115 -487  180
1  7077       16 272  706 1093 1372 1222  865  376  -48 -401 -583 -600 -465 -101
2  7077       16 272  511  639  617  554  400    9 -320 -732-1120-1230 -919 -228
1  7077       17 272  652 1076 1321 1581 1329  861  317 -156 -517 -636 -638 -397
2  7077       17 272   -7  484  565  658  679  369  -27 -407 -719 -915 -902 -752
1  7077       18 272 -318  319  851 1159 1072  743  370 -158 -653-1108-1294-1121
2  7077       18 272 -861 -460   29  413  710  706  447   97 -202 -518 -766 -737
1  7077       19 272 -539 -124  401  826  859  686  312 -129 -621-1043-1300-1328
2  7077       19 272-1178 -771 -264  196  508  728  721  578  206 -161 -393 -478
1  7077       20 272 -429 -203  184  616  804  725  434   59 -307 -714-1203-1625
2  7077       20 272-1623-1211 -687 -132  220  486  845  897  589  522  428  270
1  7077       21 272  152  132  208  403  592  619  489  320  126 -319 -847-1225
2  7077       21 272-1425-1361-1082 -616   32  471  537  825  950  693  631  597
1  7077       22 272  323   53  -45  -12  111  236  360  336  163  -36 -299 -829
2  7077       22 272-1223-1371-1299 -885 -385  268  465  466  838  990  735  671
1  7077       23 272  564  364   80   -2  -44  -23  110  249  283  161  -88 -404
2  7077       23 272 -636 -812-1102-1227-1073 -528  155  274  589  992 1142 1067
1  7077       24 272  837  605  367   85  -79 -219 -310 -195   38  101  -29 -156
2  7077       24 272 -347 -730-1031-1213-1328-1166 -744  -24  223  440  880 1249
1  7077       25 272 1232  895  409  115  -68 -194 -371 -448 -279  199  430  314
2  7077       25 272    9 -333 -792-1095-1264-1341-1162 -638  -82  271  568  965
1  7077       26 272 1334 1129  699  453  104 -267 -591 -564 -484 -248  -13  306
2  7077       26 272  357   66 -310 -741-1098-1260-1301-1120 -725 -183  271  627
1  7077       27 272 1130 1355  960  273 -214 -468 -625 -830 -619 -236  -11   66
2  7077       27 272  254  249   50 -307 -745-1066-1346-1446-1188 -770 -148  311
1  7077       28 272  796 1182 1135  731  173 -243 -542 -792 -823 -578 -344  -60
2  7077       28 272    0  135  166  -24 -198 -561-1004-1235-1143 -672  -23  463
1  7077       29 272  699  986 1150 1065  567  247  -79 -385 -547 -515 -233  172
2  7077       29 272  296  404  370  235   31  -39 -300 -853 -950 -623  -43  641
1  7077        1 372  965 1128 1293 1219  905  533  173 -243 -504 -388 -136  309
2  7077        1 372  628  744  912  794  362  -62 -309 -601 -881 -891 -502  115
1  7077        2 372  394  542  904  890  536  141 -281 -550 -922-1170-1063 -831
2  7077        2 372 -302  217  341  564  535  293  -72 -336 -582 -782 -728 -444
1  7077        3 372  -64  257  541  698  550  217 -138 -495 -873-1131-1241-1048
2  7077        3 372 -537  140  363  525  699  597  381  140  -59 -313 -586 -572
1  7077        4 372 -271   13  373  719  658  432  140 -201 -583-1008-1195-1060
2  7077        4 372 -705 -194  233  331  610  738  637  357   80 -113 -188 -203
1  7077        5 372  -52  191  454  605  505  317   49 -302 -653 -896-1140-1286
2  7077        5 372-1049 -660 -228  103  206  458  554  497  261    8  -56   -4
1  7077        6 372  -25  -70   11  197  267  144 -107 -424 -717-1068-1226-1311
2  7077        6 3729999999999999999999999999  178  426  474  308  200  237  134
1  7077        7 372   76   70  138  160  273  385  314   89 -170 -419 -679 -891
2  7077        7 372-1022 -965 -700 -335   -3  180  373  628  758  674  369  151
1  7077        8 372   77   37   23   61   33  -24  -86 -156 -336 -615 -736 -755
2  7077        8 372 -830 -955 -905 -662 -424 -134  108  316  473  506  494  405
1  7077        9 372  226   -5  -95 -185 -253 -298 -342 -357 -348 -403 -479 -621
2  7077        9 372 -748 -757 -794 -875 -740 -484 -157    8  187  400  524  537
1  7077       10 372  418  156 -129 -270 -385 -528 -485 -430 -374 -298 -346 -487
2  7077       10 372 -608 -703 -725 -810 -937 -828 -539 -181   87  405  740  824
1  7077       11 372  657  426  173  -79 -263 -512 -622 -495 -456 -467 -442 -368
2  7077       11 372 -401 -493 -621 -775-1021-1184 -941 -477 -126  164  511  754
1  7077       12 372  896  713  203 -107 -301 -474 -577 -664 -577 -394 -405 -405
2  7077       12 372 -282 -184 -376 -708 -981-1276-1235 -927 -443  -68  242  578
1  7077       13 372  949 1116  789  140 -233 -463 -769 -899 -939 -706 -403 -214
2  7077       13 372  -98  -47  -59 -325 -885-1185-1437-1371 -866 -396  -50  327
1  7077       14 372  767 1107  932  469   30 -357 -775 -979 -974 -629 -310   69
2  7077       14 372  276  416  455  308  -69 -702-1305-1310-1170 -748  -94  223
1  7077       15 372  510  738  890  871  399 -109 -635-1101-1205-1163 -715 -172
2  7077       15 372  132  300  375  347  179 -212 -588 -881-1119 -972 -551    5
